function par=pparameters
%x,y,z,vx,vy,vz,M,R,a|r,v,e,i,ap,ah,P
%1,2,3,04,05,06,7,8,09,10,11,12,13,14,15
au=149597870700;
G=6.674e-11;
par=[0,0,0,0,0,0,1.9885e30,695700e3,0,0,0,0,0,0,0;
    0,0,0,0,0,0,0.33011e24,2439.7e3,57.91e9,47.36e3,0.2056,7,46e9,69.82e9,0;
    0,0,0,0,0,0,4.8675e24,6051.8e3,108.21e9,35.02e3,0.0067,3.39,107.48e9,108.94e9,0;
    0,0,0,0,0,0,5.9723e24,6371e3,1*au,29.78e3,0.0167,0,147.09e9,152.10e9,0;
    0,0,0,0,0,0,0.64171e24,3389.5e3,227.92e9,24.07e3,0.0935,1.85,206.62e9,249.23e9,0;
    0,0,0,0,0,0,1898.19e24,66911e3,778.57e9,13.06e3,0.0489,1.304,740.52e9,816.62e9,0;
    0,0,0,0,0,0,568.34e24,58232e3,1433.53e9,9.68e3,0.0565,2.485,1352.55e9,1514.5e9,0;
    0,0,0,0,0,0,86.813e24,25362e3,2872.46e9,6.8e3,0.0457,0.772,2741.3e9,3003.62e9,0;
    0,0,0,0,0,0,102.413e24,24622e3,4495.06e9,5.43e3,0.0113,1.769,4444.45e9,4545.67e9,0];
